(kicad_pcb (version 20171130) (host pcbnew "(5.1.9)-1")

  (general
    (thickness 1.6)
    (drawings 40)
    (tracks 0)
    (zones 0)
    (modules 312)
    (nets 212)
  )

  (page A2)
  (layers
    (0 F.Cu signal)
    (31 B.Cu signal)
    (32 B.Adhes user)
    (33 F.Adhes user)
    (34 B.Paste user)
    (35 F.Paste user)
    (36 B.SilkS user)
    (37 F.SilkS user)
    (38 B.Mask user)
    (39 F.Mask user)
    (40 Dwgs.User user)
    (41 Cmts.User user)
    (42 Eco1.User user)
    (43 Eco2.User user)
    (44 Edge.Cuts user)
    (45 Margin user)
    (46 B.CrtYd user)
    (47 F.CrtYd user)
    (48 B.Fab user)
    (49 F.Fab user)
  )

  (setup
    (last_trace_width 0.254)
    (trace_clearance 0.2)
    (zone_clearance 0.508)
    (zone_45_only no)
    (trace_min 0.2)
    (via_size 0.8)
    (via_drill 0.4)
    (via_min_size 0.4)
    (via_min_drill 0.3)
    (uvia_size 0.3)
    (uvia_drill 0.1)
    (uvias_allowed no)
    (uvia_min_size 0.2)
    (uvia_min_drill 0.1)
    (edge_width 0.1)
    (segment_width 0.2)
    (pcb_text_width 0.3)
    (pcb_text_size 1.5 1.5)
    (mod_edge_width 0.15)
    (mod_text_size 1 1)
    (mod_text_width 0.15)
    (pad_size 1.5 1.5)
    (pad_drill 0.6)
    (pad_to_mask_clearance 0.2)
    (aux_axis_origin 0 0)
    (visible_elements 7FFFFFFF)
    (pcbplotparams
      (layerselection 0x010fc_ffffffff)
      (usegerberextensions false)
      (usegerberattributes false)
      (usegerberadvancedattributes false)
      (creategerberjobfile false)
      (excludeedgelayer true)
      (linewidth 0.100000)
      (plotframeref false)
      (viasonmask false)
      (mode 1)
      (useauxorigin false)
      (hpglpennumber 1)
      (hpglpenspeed 20)
      (hpglpendiameter 15.000000)
      (psnegative false)
      (psa4output false)
      (plotreference true)
      (plotvalue true)
      (plotinvisibletext false)
      (padsonsilk false)
      (subtractmaskfromsilk false)
      (outputformat 1)
      (mirror false)
      (drillshape 1)
      (scaleselection 1)
      (outputdirectory ""))
  )

  (net 0 "")
  (net 1 GND)
  (net 2 "Net-(D_1-Pad2)")
  (net 3 "Net-(D_2-Pad2)")
  (net 4 "Net-(D_3-Pad2)")
  (net 5 "Net-(D_4-Pad2)")
  (net 6 "Net-(D_5-Pad2)")
  (net 7 "Net-(D_6-Pad2)")
  (net 8 "Net-(D_7-Pad2)")
  (net 9 "Net-(D_8-Pad2)")
  (net 10 "Net-(D_9-Pad2)")
  (net 11 "Net-(D_10-Pad2)")
  (net 12 "Net-(D_11-Pad2)")
  (net 13 "Net-(D_12-Pad2)")
  (net 14 "Net-(D_13-Pad2)")
  (net 15 "Net-(D_14-Pad2)")
  (net 16 "Net-(D_17-Pad2)")
  (net 17 "Net-(D_18-Pad2)")
  (net 18 "Net-(D_19-Pad2)")
  (net 19 "Net-(D_20-Pad2)")
  (net 20 "Net-(D_21-Pad2)")
  (net 21 "Net-(D_22-Pad2)")
  (net 22 "Net-(D_23-Pad2)")
  (net 23 "Net-(D_24-Pad2)")
  (net 24 "Net-(D_25-Pad2)")
  (net 25 "Net-(D_26-Pad2)")
  (net 26 "Net-(D_27-Pad2)")
  (net 27 "Net-(D_28-Pad2)")
  (net 28 "Net-(D_29-Pad2)")
  (net 29 "Net-(D_30-Pad2)")
  (net 30 "Net-(D_34-Pad2)")
  (net 31 "Net-(D_35-Pad2)")
  (net 32 "Net-(D_36-Pad2)")
  (net 33 "Net-(D_37-Pad2)")
  (net 34 "Net-(D_38-Pad2)")
  (net 35 "Net-(D_39-Pad2)")
  (net 36 "Net-(D_40-Pad2)")
  (net 37 "Net-(D_41-Pad2)")
  (net 38 "Net-(D_42-Pad2)")
  (net 39 "Net-(D_43-Pad2)")
  (net 40 "Net-(D_44-Pad2)")
  (net 41 "Net-(D_45-Pad2)")
  (net 42 "Net-(D_46-Pad2)")
  (net 43 "Net-(D_47-Pad2)")
  (net 44 "Net-(D_48-Pad2)")
  (net 45 "Net-(D_49-Pad2)")
  (net 46 "Net-(D_50-Pad2)")
  (net 47 "Net-(D_51-Pad2)")
  (net 48 "Net-(D_52-Pad2)")
  (net 49 "Net-(D_53-Pad2)")
  (net 50 "Net-(D_54-Pad2)")
  (net 51 "Net-(D_55-Pad2)")
  (net 52 "Net-(D_56-Pad2)")
  (net 53 "Net-(D_57-Pad2)")
  (net 54 "Net-(D_58-Pad2)")
  (net 55 "Net-(D_60-Pad2)")
  (net 56 "Net-(D_61-Pad2)")
  (net 57 "Net-(D_62-Pad2)")
  (net 58 "Net-(D_63-Pad2)")
  (net 59 row0_L)
  (net 60 row0_R)
  (net 61 col0_R)
  (net 62 row1_L)
  (net 63 row1_R)
  (net 64 row2_L)
  (net 65 row2_R)
  (net 66 row3_L)
  (net 67 row3_R)
  (net 68 row4_L)
  (net 69 data_L)
  (net 70 "Net-(LED2-Pad2)")
  (net 71 "Net-(LED30-Pad4)")
  (net 72 "Net-(LED29-Pad2)")
  (net 73 "Net-(LED28-Pad4)")
  (net 74 "Net-(LED27-Pad4)")
  (net 75 "Net-(LED25-Pad4)")
  (net 76 "Net-(LED10-Pad2)")
  (net 77 "Net-(LED10-Pad4)")
  (net 78 "Net-(LED13-Pad4)")
  (net 79 "Net-(LED14-Pad4)")
  (net 80 "Net-(LED15-Pad4)")
  (net 81 "Net-(LED19-Pad2)")
  (net 82 "Net-(LED20-Pad4)")
  (net 83 "Net-(LED22-Pad4)")
  (net 84 "Net-(LED25-Pad2)")
  (net 85 "Net-(LED26-Pad4)")
  (net 86 "Net-(LED27-Pad2)")
  (net 87 "Net-(LED29-Pad4)")
  (net 88 "Net-(LED33-Pad2)")
  (net 89 "Net-(LED41-Pad2)")
  (net 90 "Net-(LED49-Pad2)")
  (net 91 "Net-(LED50-Pad4)")
  (net 92 "Net-(LED51-Pad2)")
  (net 93 "Net-(LED52-Pad4)")
  (net 94 "Net-(LED66-Pad2)")
  (net 95 reset_L)
  (net 96 reset_R)
  (net 97 col0_L)
  (net 98 col1_L)
  (net 99 col2_L)
  (net 100 col3_L)
  (net 101 col4_L)
  (net 102 col5_L)
  (net 103 col6_L)
  (net 104 col1_R)
  (net 105 col2_R)
  (net 106 col3_R)
  (net 107 col4_R)
  (net 108 col5_R)
  (net 109 col7_R)
  (net 110 col6_R)
  (net 111 data_R)
  (net 112 "Net-(D_15-Pad2)")
  (net 113 "Net-(D_16-Pad2)")
  (net 114 "Net-(D_31-Pad2)")
  (net 115 "Net-(D_32-Pad2)")
  (net 116 "Net-(D_33-Pad2)")
  (net 117 "Net-(D_59-Pad2)")
  (net 118 "Net-(J1-PadC)")
  (net 119 "Net-(J2-PadC)")
  (net 120 "Net-(LED1-Pad2)")
  (net 121 "Net-(LED3-Pad2)")
  (net 122 "Net-(LED5-Pad2)")
  (net 123 "Net-(LED7-Pad2)")
  (net 124 "Net-(LED16-Pad4)")
  (net 125 "Net-(LED17-Pad4)")
  (net 126 "Net-(LED18-Pad4)")
  (net 127 "Net-(LED19-Pad4)")
  (net 128 "Net-(LED21-Pad4)")
  (net 129 "Net-(LED23-Pad4)")
  (net 130 "Net-(LED31-Pad2)")
  (net 131 "Net-(LED32-Pad4)")
  (net 132 "Net-(LED34-Pad4)")
  (net 133 "Net-(LED35-Pad2)")
  (net 134 "Net-(LED36-Pad4)")
  (net 135 "Net-(LED37-Pad2)")
  (net 136 "Net-(LED38-Pad4)")
  (net 137 "Net-(LED40-Pad4)")
  (net 138 "Net-(LED42-Pad4)")
  (net 139 "Net-(LED43-Pad2)")
  (net 140 "Net-(LED44-Pad4)")
  (net 141 "Net-(LED45-Pad2)")
  (net 142 "Net-(LED46-Pad4)")
  (net 143 "Net-(LED48-Pad4)")
  (net 144 "Net-(LED61-Pad4)")
  (net 145 "Net-(LED62-Pad2)")
  (net 146 "Net-(LED64-Pad2)")
  (net 147 "Net-(LED65-Pad4)")
  (net 148 "Net-(LED67-Pad4)")
  (net 149 "Net-(LED69-Pad4)")
  (net 150 "Net-(LED70-Pad2)")
  (net 151 "Net-(LED75-Pad4)")
  (net 152 "Net-(LED77-Pad4)")
  (net 153 SCL_R)
  (net 154 SDA_R)
  (net 155 SCL_L)
  (net 156 SDA_L)
  (net 157 "Net-(LED4-Pad2)")
  (net 158 "Net-(LED8-Pad2)")
  (net 159 "Net-(LED1-Pad4)")
  (net 160 row4_R)
  (net 161 "Net-(U1-Pad26)")
  (net 162 "Net-(U1-Pad27)")
  (net 163 "Net-(U1-Pad28)")
  (net 164 "Net-(U1-Pad29)")
  (net 165 "Net-(U2-Pad25)")
  (net 166 "Net-(U2-Pad26)")
  (net 167 "Net-(U2-Pad27)")
  (net 168 "Net-(U2-Pad28)")
  (net 169 "Net-(U2-Pad13)")
  (net 170 "Net-(LED7-Pad4)")
  (net 171 "Net-(LED11-Pad2)")
  (net 172 "Net-(LED12-Pad2)")
  (net 173 "Net-(LED31-Pad4)")
  (net 174 "Net-(LED32-Pad2)")
  (net 175 "Net-(LED39-Pad2)")
  (net 176 "Net-(LED47-Pad4)")
  (net 177 "Net-(LED53-Pad2)")
  (net 178 "Net-(LED54-Pad4)")
  (net 179 "Net-(LED55-Pad2)")
  (net 180 "Net-(LED56-Pad4)")
  (net 181 "Net-(LED57-Pad2)")
  (net 182 "Net-(LED58-Pad4)")
  (net 183 "Net-(LED59-Pad2)")
  (net 184 "Net-(LED60-Pad4)")
  (net 185 "Net-(LED63-Pad4)")
  (net 186 "Net-(LED71-Pad2)")
  (net 187 "Net-(LED72-Pad2)")
  (net 188 "Net-(LED73-Pad4)")
  (net 189 "Net-(LED74-Pad2)")
  (net 190 "Net-(LED78-Pad2)")
  (net 191 "Net-(LED79-Pad4)")
  (net 192 "Net-(LED83-Pad4)")
  (net 193 LED_R)
  (net 194 LED_L)
  (net 195 "Net-(U1-Pad24)")
  (net 196 "Net-(U1-Pad1)")
  (net 197 "Net-(U2-Pad24)")
  (net 198 "Net-(U2-Pad1)")
  (net 199 GNDA)
  (net 200 VDD)
  (net 201 VCC)
  (net 202 "Net-(LED6-Pad2)")
  (net 203 "Net-(LED34-Pad2)")
  (net 204 "Net-(LED36-Pad2)")
  (net 205 "Net-(LED38-Pad2)")
  (net 206 "Net-(LED76-Pad2)")
  (net 207 "Net-(LED82-Pad4)")
  (net 208 "Net-(LED84-Pad2)")
  (net 209 "Net-(LED86-Pad2)")
  (net 210 BACKLIGHT_LED_R)
  (net 211 BACKLIGHT_LED_L)

  (net_class Default "This is the default net class."
    (clearance 0.2)
    (trace_width 0.254)
    (via_dia 0.8)
    (via_drill 0.4)
    (uvia_dia 0.3)
    (uvia_drill 0.1)
    (add_net BACKLIGHT_LED_L)
    (add_net BACKLIGHT_LED_R)
    (add_net GND)
    (add_net GNDA)
    (add_net LED_L)
    (add_net LED_R)
    (add_net "Net-(D_1-Pad2)")
    (add_net "Net-(D_10-Pad2)")
    (add_net "Net-(D_11-Pad2)")
    (add_net "Net-(D_12-Pad2)")
    (add_net "Net-(D_13-Pad2)")
    (add_net "Net-(D_14-Pad2)")
    (add_net "Net-(D_15-Pad2)")
    (add_net "Net-(D_16-Pad2)")
    (add_net "Net-(D_17-Pad2)")
    (add_net "Net-(D_18-Pad2)")
    (add_net "Net-(D_19-Pad2)")
    (add_net "Net-(D_2-Pad2)")
    (add_net "Net-(D_20-Pad2)")
    (add_net "Net-(D_21-Pad2)")
    (add_net "Net-(D_22-Pad2)")
    (add_net "Net-(D_23-Pad2)")
    (add_net "Net-(D_24-Pad2)")
    (add_net "Net-(D_25-Pad2)")
    (add_net "Net-(D_26-Pad2)")
    (add_net "Net-(D_27-Pad2)")
    (add_net "Net-(D_28-Pad2)")
    (add_net "Net-(D_29-Pad2)")
    (add_net "Net-(D_3-Pad2)")
    (add_net "Net-(D_30-Pad2)")
    (add_net "Net-(D_31-Pad2)")
    (add_net "Net-(D_32-Pad2)")
    (add_net "Net-(D_33-Pad2)")
    (add_net "Net-(D_34-Pad2)")
    (add_net "Net-(D_35-Pad2)")
    (add_net "Net-(D_36-Pad2)")
    (add_net "Net-(D_37-Pad2)")
    (add_net "Net-(D_38-Pad2)")
    (add_net "Net-(D_39-Pad2)")
    (add_net "Net-(D_4-Pad2)")
    (add_net "Net-(D_40-Pad2)")
    (add_net "Net-(D_41-Pad2)")
    (add_net "Net-(D_42-Pad2)")
    (add_net "Net-(D_43-Pad2)")
    (add_net "Net-(D_44-Pad2)")
    (add_net "Net-(D_45-Pad2)")
    (add_net "Net-(D_46-Pad2)")
    (add_net "Net-(D_47-Pad2)")
    (add_net "Net-(D_48-Pad2)")
    (add_net "Net-(D_49-Pad2)")
    (add_net "Net-(D_5-Pad2)")
    (add_net "Net-(D_50-Pad2)")
    (add_net "Net-(D_51-Pad2)")
    (add_net "Net-(D_52-Pad2)")
    (add_net "Net-(D_53-Pad2)")
    (add_net "Net-(D_54-Pad2)")
    (add_net "Net-(D_55-Pad2)")
    (add_net "Net-(D_56-Pad2)")
    (add_net "Net-(D_57-Pad2)")
    (add_net "Net-(D_58-Pad2)")
    (add_net "Net-(D_59-Pad2)")
    (add_net "Net-(D_6-Pad2)")
    (add_net "Net-(D_60-Pad2)")
    (add_net "Net-(D_61-Pad2)")
    (add_net "Net-(D_62-Pad2)")
    (add_net "Net-(D_63-Pad2)")
    (add_net "Net-(D_7-Pad2)")
    (add_net "Net-(D_8-Pad2)")
    (add_net "Net-(D_9-Pad2)")
    (add_net "Net-(J1-PadC)")
    (add_net "Net-(J2-PadC)")
    (add_net "Net-(LED1-Pad2)")
    (add_net "Net-(LED1-Pad4)")
    (add_net "Net-(LED10-Pad2)")
    (add_net "Net-(LED10-Pad4)")
    (add_net "Net-(LED11-Pad2)")
    (add_net "Net-(LED12-Pad2)")
    (add_net "Net-(LED13-Pad4)")
    (add_net "Net-(LED14-Pad4)")
    (add_net "Net-(LED15-Pad4)")
    (add_net "Net-(LED16-Pad4)")
    (add_net "Net-(LED17-Pad4)")
    (add_net "Net-(LED18-Pad4)")
    (add_net "Net-(LED19-Pad2)")
    (add_net "Net-(LED19-Pad4)")
    (add_net "Net-(LED2-Pad2)")
    (add_net "Net-(LED20-Pad4)")
    (add_net "Net-(LED21-Pad4)")
    (add_net "Net-(LED22-Pad4)")
    (add_net "Net-(LED23-Pad4)")
    (add_net "Net-(LED25-Pad2)")
    (add_net "Net-(LED25-Pad4)")
    (add_net "Net-(LED26-Pad4)")
    (add_net "Net-(LED27-Pad2)")
    (add_net "Net-(LED27-Pad4)")
    (add_net "Net-(LED28-Pad4)")
    (add_net "Net-(LED29-Pad2)")
    (add_net "Net-(LED29-Pad4)")
    (add_net "Net-(LED3-Pad2)")
    (add_net "Net-(LED30-Pad4)")
    (add_net "Net-(LED31-Pad2)")
    (add_net "Net-(LED31-Pad4)")
    (add_net "Net-(LED32-Pad2)")
    (add_net "Net-(LED32-Pad4)")
    (add_net "Net-(LED33-Pad2)")
    (add_net "Net-(LED34-Pad2)")
    (add_net "Net-(LED34-Pad4)")
    (add_net "Net-(LED35-Pad2)")
    (add_net "Net-(LED36-Pad2)")
    (add_net "Net-(LED36-Pad4)")
    (add_net "Net-(LED37-Pad2)")
    (add_net "Net-(LED38-Pad2)")
    (add_net "Net-(LED38-Pad4)")
    (add_net "Net-(LED39-Pad2)")
    (add_net "Net-(LED4-Pad2)")
    (add_net "Net-(LED40-Pad4)")
    (add_net "Net-(LED41-Pad2)")
    (add_net "Net-(LED42-Pad4)")
    (add_net "Net-(LED43-Pad2)")
    (add_net "Net-(LED44-Pad4)")
    (add_net "Net-(LED45-Pad2)")
    (add_net "Net-(LED46-Pad4)")
    (add_net "Net-(LED47-Pad4)")
    (add_net "Net-(LED48-Pad4)")
    (add_net "Net-(LED49-Pad2)")
    (add_net "Net-(LED5-Pad2)")
    (add_net "Net-(LED50-Pad4)")
    (add_net "Net-(LED51-Pad2)")
    (add_net "Net-(LED52-Pad4)")
    (add_net "Net-(LED53-Pad2)")
    (add_net "Net-(LED54-Pad4)")
    (add_net "Net-(LED55-Pad2)")
    (add_net "Net-(LED56-Pad4)")
    (add_net "Net-(LED57-Pad2)")
    (add_net "Net-(LED58-Pad4)")
    (add_net "Net-(LED59-Pad2)")
    (add_net "Net-(LED6-Pad2)")
    (add_net "Net-(LED60-Pad4)")
    (add_net "Net-(LED61-Pad4)")
    (add_net "Net-(LED62-Pad2)")
    (add_net "Net-(LED63-Pad4)")
    (add_net "Net-(LED64-Pad2)")
    (add_net "Net-(LED65-Pad4)")
    (add_net "Net-(LED66-Pad2)")
    (add_net "Net-(LED67-Pad4)")
    (add_net "Net-(LED69-Pad4)")
    (add_net "Net-(LED7-Pad2)")
    (add_net "Net-(LED7-Pad4)")
    (add_net "Net-(LED70-Pad2)")
    (add_net "Net-(LED71-Pad2)")
    (add_net "Net-(LED72-Pad2)")
    (add_net "Net-(LED73-Pad4)")
    (add_net "Net-(LED74-Pad2)")
    (add_net "Net-(LED75-Pad4)")
    (add_net "Net-(LED76-Pad2)")
    (add_net "Net-(LED77-Pad4)")
    (add_net "Net-(LED78-Pad2)")
    (add_net "Net-(LED79-Pad4)")
    (add_net "Net-(LED8-Pad2)")
    (add_net "Net-(LED82-Pad4)")
    (add_net "Net-(LED83-Pad4)")
    (add_net "Net-(LED84-Pad2)")
    (add_net "Net-(LED86-Pad2)")
    (add_net "Net-(U1-Pad1)")
    (add_net "Net-(U1-Pad24)")
    (add_net "Net-(U1-Pad26)")
    (add_net "Net-(U1-Pad27)")
    (add_net "Net-(U1-Pad28)")
    (add_net "Net-(U1-Pad29)")
    (add_net "Net-(U2-Pad1)")
    (add_net "Net-(U2-Pad13)")
    (add_net "Net-(U2-Pad24)")
    (add_net "Net-(U2-Pad25)")
    (add_net "Net-(U2-Pad26)")
    (add_net "Net-(U2-Pad27)")
    (add_net "Net-(U2-Pad28)")
    (add_net SCL_L)
    (add_net SCL_R)
    (add_net SDA_L)
    (add_net SDA_R)
    (add_net VCC)
    (add_net VDD)
    (add_net col0_L)
    (add_net col0_R)
    (add_net col1_L)
    (add_net col1_R)
    (add_net col2_L)
    (add_net col2_R)
    (add_net col3_L)
    (add_net col3_R)
    (add_net col4_L)
    (add_net col4_R)
    (add_net col5_L)
    (add_net col5_R)
    (add_net col6_L)
    (add_net col6_R)
    (add_net col7_R)
    (add_net data_L)
    (add_net data_R)
    (add_net reset_L)
    (add_net reset_R)
    (add_net row0_L)
    (add_net row0_R)
    (add_net row1_L)
    (add_net row1_R)
    (add_net row2_L)
    (add_net row2_R)
    (add_net row3_L)
    (add_net row3_R)
    (add_net row4_L)
    (add_net row4_R)
  )

  (net_class Power ""
    (clearance 0.2)
    (trace_width 0.381)
    (via_dia 0.8)
    (via_drill 0.4)
    (uvia_dia 0.3)
    (uvia_drill 0.1)
  )

  (module Resistor_SMD:R_0805_2012Metric_Pad1.20x1.40mm_HandSolder (layer B.Cu) (tedit 5F68FEEE) (tstamp 601049E7)
    (at 96.536 137.16)
    (descr "Resistor SMD 0805 (2012 Metric), square (rectangular) end terminal, IPC_7351 nominal with elongated pad for handsoldering. (Body size source: IPC-SM-782 page 72, https://www.pcb-3d.com/wordpress/wp-content/uploads/ipc-sm-782a_amendment_1_and_2.pdf), generated with kicad-footprint-generator")
    (tags "resistor handsolder")
    (path /618538F4)
    (attr smd)
    (fp_text reference R2 (at 0 1.65) (layer B.SilkS)
      (effects (font (size 1 1) (thickness 0.15)) (justify mirror))
    )
    (fp_text value 500 (at 0 -1.65) (layer B.Fab)
      (effects (font (size 1 1) (thickness 0.15)) (justify mirror))
    )
    (fp_line (start -1 -0.625) (end -1 0.625) (layer B.Fab) (width 0.1))
    (fp_line (start -1 0.625) (end 1 0.625) (layer B.Fab) (width 0.1))
    (fp_line (start 1 0.625) (end 1 -0.625) (layer B.Fab) (width 0.1))
    (fp_line (start 1 -0.625) (end -1 -0.625) (layer B.Fab) (width 0.1))
    (fp_line (start -0.227064 0.735) (end 0.227064 0.735) (layer B.SilkS) (width 0.12))
    (fp_line (start -0.227064 -0.735) (end 0.227064 -0.735) (layer B.SilkS) (width 0.12))
    (fp_line (start -1.85 -0.95) (end -1.85 0.95) (layer B.CrtYd) (width 0.05))
    (fp_line (start -1.85 0.95) (end 1.85 0.95) (layer B.CrtYd) (width 0.05))
    (fp_line (start 1.85 0.95) (end 1.85 -0.95) (layer B.CrtYd) (width 0.05))
    (fp_line (start 1.85 -0.95) (end -1.85 -0.95) (layer B.CrtYd) (width 0.05))
    (fp_text user %R (at 0 0) (layer B.Fab)
      (effects (font (size 0.5 0.5) (thickness 0.08)) (justify mirror))
    )
    (pad 2 smd roundrect (at 1 0) (size 1.2 1.4) (layers B.Cu B.Paste B.Mask) (roundrect_rratio 0.208333)
      (net 170 "Net-(LED7-Pad4)"))
    (pad 1 smd roundrect (at -1 0) (size 1.2 1.4) (layers B.Cu B.Paste B.Mask) (roundrect_rratio 0.208333)
      (net 211 BACKLIGHT_LED_L))
    (model ${KISYS3DMOD}/Resistor_SMD.3dshapes/R_0805_2012Metric.wrl
      (at (xyz 0 0 0))
      (scale (xyz 1 1 1))
      (rotate (xyz 0 0 0))
    )
  )

  (module Resistor_SMD:R_0805_2012Metric_Pad1.20x1.40mm_HandSolder (layer B.Cu) (tedit 5F68FEEE) (tstamp 60146D3D)
    (at 97.282 183.118 90)
    (descr "Resistor SMD 0805 (2012 Metric), square (rectangular) end terminal, IPC_7351 nominal with elongated pad for handsoldering. (Body size source: IPC-SM-782 page 72, https://www.pcb-3d.com/wordpress/wp-content/uploads/ipc-sm-782a_amendment_1_and_2.pdf), generated with kicad-footprint-generator")
    (tags "resistor handsolder")
    (path /63F1C7FC)
    (attr smd)
    (fp_text reference R4 (at 0 1.65 90) (layer B.SilkS)
      (effects (font (size 1 1) (thickness 0.15)) (justify mirror))
    )
    (fp_text value 500 (at 0 -1.65 90) (layer B.Fab)
      (effects (font (size 1 1) (thickness 0.15)) (justify mirror))
    )
    (fp_text user %R (at 0 0 90) (layer B.Fab)
      (effects (font (size 0.5 0.5) (thickness 0.08)) (justify mirror))
    )
    (fp_line (start -1 -0.625) (end -1 0.625) (layer B.Fab) (width 0.1))
    (fp_line (start -1 0.625) (end 1 0.625) (layer B.Fab) (width 0.1))
    (fp_line (start 1 0.625) (end 1 -0.625) (layer B.Fab) (width 0.1))
    (fp_line (start 1 -0.625) (end -1 -0.625) (layer B.Fab) (width 0.1))
    (fp_line (start -0.227064 0.735) (end 0.227064 0.735) (layer B.SilkS) (width 0.12))
    (fp_line (start -0.227064 -0.735) (end 0.227064 -0.735) (layer B.SilkS) (width 0.12))
    (fp_line (start -1.85 -0.95) (end -1.85 0.95) (layer B.CrtYd) (width 0.05))
    (fp_line (start -1.85 0.95) (end 1.85 0.95) (layer B.CrtYd) (width 0.05))
    (fp_line (start 1.85 0.95) (end 1.85 -0.95) (layer B.CrtYd) (width 0.05))
    (fp_line (start 1.85 -0.95) (end -1.85 -0.95) (layer B.CrtYd) (width 0.05))
    (pad 2 smd roundrect (at 1 0 90) (size 1.2 1.4) (layers B.Cu B.Paste B.Mask) (roundrect_rratio 0.208333)
      (net 194 LED_L))
    (pad 1 smd roundrect (at -1 0 90) (size 1.2 1.4) (layers B.Cu B.Paste B.Mask) (roundrect_rratio 0.208333)
      (net 192 "Net-(LED83-Pad4)"))
    (model ${KISYS3DMOD}/Resistor_SMD.3dshapes/R_0805_2012Metric.wrl
      (at (xyz 0 0 0))
      (scale (xyz 1 1 1))
      (rotate (xyz 0 0 0))
    )
  )

  (module Resistor_SMD:R_0805_2012Metric_Pad1.20x1.40mm_HandSolder (layer B.Cu) (tedit 5F68FEEE) (tstamp 60146D2C)
    (at 414.274 180.324 90)
    (descr "Resistor SMD 0805 (2012 Metric), square (rectangular) end terminal, IPC_7351 nominal with elongated pad for handsoldering. (Body size source: IPC-SM-782 page 72, https://www.pcb-3d.com/wordpress/wp-content/uploads/ipc-sm-782a_amendment_1_and_2.pdf), generated with kicad-footprint-generator")
    (tags "resistor handsolder")
    (path /6419AB20)
    (attr smd)
    (fp_text reference R3 (at 0 1.65 90) (layer B.SilkS)
      (effects (font (size 1 1) (thickness 0.15)) (justify mirror))
    )
    (fp_text value 500 (at 0 -1.65 90) (layer B.Fab)
      (effects (font (size 1 1) (thickness 0.15)) (justify mirror))
    )
    (fp_text user %R (at 0 0 90) (layer B.Fab)
      (effects (font (size 0.5 0.5) (thickness 0.08)) (justify mirror))
    )
    (fp_line (start -1 -0.625) (end -1 0.625) (layer B.Fab) (width 0.1))
    (fp_line (start -1 0.625) (end 1 0.625) (layer B.Fab) (width 0.1))
    (fp_line (start 1 0.625) (end 1 -0.625) (layer B.Fab) (width 0.1))
    (fp_line (start 1 -0.625) (end -1 -0.625) (layer B.Fab) (width 0.1))
    (fp_line (start -0.227064 0.735) (end 0.227064 0.735) (layer B.SilkS) (width 0.12))
    (fp_line (start -0.227064 -0.735) (end 0.227064 -0.735) (layer B.SilkS) (width 0.12))
    (fp_line (start -1.85 -0.95) (end -1.85 0.95) (layer B.CrtYd) (width 0.05))
    (fp_line (start -1.85 0.95) (end 1.85 0.95) (layer B.CrtYd) (width 0.05))
    (fp_line (start 1.85 0.95) (end 1.85 -0.95) (layer B.CrtYd) (width 0.05))
    (fp_line (start 1.85 -0.95) (end -1.85 -0.95) (layer B.CrtYd) (width 0.05))
    (pad 2 smd roundrect (at 1 0 90) (size 1.2 1.4) (layers B.Cu B.Paste B.Mask) (roundrect_rratio 0.208333)
      (net 193 LED_R))
    (pad 1 smd roundrect (at -1 0 90) (size 1.2 1.4) (layers B.Cu B.Paste B.Mask) (roundrect_rratio 0.208333)
      (net 207 "Net-(LED82-Pad4)"))
    (model ${KISYS3DMOD}/Resistor_SMD.3dshapes/R_0805_2012Metric.wrl
      (at (xyz 0 0 0))
      (scale (xyz 1 1 1))
      (rotate (xyz 0 0 0))
    )
  )

  (module Resistor_SMD:R_0805_2012Metric_Pad1.20x1.40mm_HandSolder (layer B.Cu) (tedit 5F68FEEE) (tstamp 60146CFB)
    (at 414.274 175.911 90)
    (descr "Resistor SMD 0805 (2012 Metric), square (rectangular) end terminal, IPC_7351 nominal with elongated pad for handsoldering. (Body size source: IPC-SM-782 page 72, https://www.pcb-3d.com/wordpress/wp-content/uploads/ipc-sm-782a_amendment_1_and_2.pdf), generated with kicad-footprint-generator")
    (tags "resistor handsolder")
    (path /64905078)
    (attr smd)
    (fp_text reference R1 (at 0 1.65 90) (layer B.SilkS)
      (effects (font (size 1 1) (thickness 0.15)) (justify mirror))
    )
    (fp_text value 500 (at 0 -1.65 90) (layer B.Fab)
      (effects (font (size 1 1) (thickness 0.15)) (justify mirror))
    )
    (fp_text user %R (at 0 0 90) (layer B.Fab)
      (effects (font (size 0.5 0.5) (thickness 0.08)) (justify mirror))
    )
    (fp_line (start -1 -0.625) (end -1 0.625) (layer B.Fab) (width 0.1))
    (fp_line (start -1 0.625) (end 1 0.625) (layer B.Fab) (width 0.1))
    (fp_line (start 1 0.625) (end 1 -0.625) (layer B.Fab) (width 0.1))
    (fp_line (start 1 -0.625) (end -1 -0.625) (layer B.Fab) (width 0.1))
    (fp_line (start -0.227064 0.735) (end 0.227064 0.735) (layer B.SilkS) (width 0.12))
    (fp_line (start -0.227064 -0.735) (end 0.227064 -0.735) (layer B.SilkS) (width 0.12))
    (fp_line (start -1.85 -0.95) (end -1.85 0.95) (layer B.CrtYd) (width 0.05))
    (fp_line (start -1.85 0.95) (end 1.85 0.95) (layer B.CrtYd) (width 0.05))
    (fp_line (start 1.85 0.95) (end 1.85 -0.95) (layer B.CrtYd) (width 0.05))
    (fp_line (start 1.85 -0.95) (end -1.85 -0.95) (layer B.CrtYd) (width 0.05))
    (pad 2 smd roundrect (at 1 0 90) (size 1.2 1.4) (layers B.Cu B.Paste B.Mask) (roundrect_rratio 0.208333)
      (net 126 "Net-(LED18-Pad4)"))
    (pad 1 smd roundrect (at -1 0 90) (size 1.2 1.4) (layers B.Cu B.Paste B.Mask) (roundrect_rratio 0.208333)
      (net 210 BACKLIGHT_LED_R))
    (model ${KISYS3DMOD}/Resistor_SMD.3dshapes/R_0805_2012Metric.wrl
      (at (xyz 0 0 0))
      (scale (xyz 1 1 1))
      (rotate (xyz 0 0 0))
    )
  )

  (module Capacitor_SMD:C_0603_1608Metric_Pad1.08x0.95mm_HandSolder (layer B.Cu) (tedit 5F68FEEF) (tstamp 6013C100)
    (at 132.461 121.1315 270)
    (descr "Capacitor SMD 0603 (1608 Metric), square (rectangular) end terminal, IPC_7351 nominal with elongated pad for handsoldering. (Body size source: IPC-SM-782 page 76, https://www.pcb-3d.com/wordpress/wp-content/uploads/ipc-sm-782a_amendment_1_and_2.pdf), generated with kicad-footprint-generator")
    (tags "capacitor handsolder")
    (path /60E3446C)
    (attr smd)
    (fp_text reference C87 (at 0 1.43 90) (layer B.SilkS)
      (effects (font (size 1 1) (thickness 0.15)) (justify mirror))
    )
    (fp_text value 0.1uF (at 0 -1.43 90) (layer B.Fab)
      (effects (font (size 1 1) (thickness 0.15)) (justify mirror))
    )
    (fp_text user %R (at 0 0 90) (layer B.Fab)
      (effects (font (size 0.4 0.4) (thickness 0.06)) (justify mirror))
    )
    (fp_line (start -0.8 -0.4) (end -0.8 0.4) (layer B.Fab) (width 0.1))
    (fp_line (start -0.8 0.4) (end 0.8 0.4) (layer B.Fab) (width 0.1))
    (fp_line (start 0.8 0.4) (end 0.8 -0.4) (layer B.Fab) (width 0.1))
    (fp_line (start 0.8 -0.4) (end -0.8 -0.4) (layer B.Fab) (width 0.1))
    (fp_line (start -0.146267 0.51) (end 0.146267 0.51) (layer B.SilkS) (width 0.12))
    (fp_line (start -0.146267 -0.51) (end 0.146267 -0.51) (layer B.SilkS) (width 0.12))
    (fp_line (start -1.65 -0.73) (end -1.65 0.73) (layer B.CrtYd) (width 0.05))
    (fp_line (start -1.65 0.73) (end 1.65 0.73) (layer B.CrtYd) (width 0.05))
    (fp_line (start 1.65 0.73) (end 1.65 -0.73) (layer B.CrtYd) (width 0.05))
    (fp_line (start 1.65 -0.73) (end -1.65 -0.73) (layer B.CrtYd) (width 0.05))
    (pad 2 smd roundrect (at 0.8625 0 270) (size 1.075 0.95) (layers B.Cu B.Paste B.Mask) (roundrect_rratio 0.25)
      (net 1 GND))
    (pad 1 smd roundrect (at -0.8625 0 270) (size 1.075 0.95) (layers B.Cu B.Paste B.Mask) (roundrect_rratio 0.25)
      (net 201 VCC))
    (model ${KISYS3DMOD}/Capacitor_SMD.3dshapes/C_0603_1608Metric.wrl
      (at (xyz 0 0 0))
      (scale (xyz 1 1 1))
      (rotate (xyz 0 0 0))
    )
  )

  (module Capacitor_SMD:C_0603_1608Metric_Pad1.08x0.95mm_HandSolder (layer B.Cu) (tedit 5F68FEEF) (tstamp 6013C0EF)
    (at 283.972 121.3115 270)
    (descr "Capacitor SMD 0603 (1608 Metric), square (rectangular) end terminal, IPC_7351 nominal with elongated pad for handsoldering. (Body size source: IPC-SM-782 page 76, https://www.pcb-3d.com/wordpress/wp-content/uploads/ipc-sm-782a_amendment_1_and_2.pdf), generated with kicad-footprint-generator")
    (tags "capacitor handsolder")
    (path /61A24D5A)
    (attr smd)
    (fp_text reference C86 (at 0 1.43 90) (layer B.SilkS)
      (effects (font (size 1 1) (thickness 0.15)) (justify mirror))
    )
    (fp_text value 0.1uF (at 0 -1.43 90) (layer B.Fab)
      (effects (font (size 1 1) (thickness 0.15)) (justify mirror))
    )
    (fp_text user %R (at 0 0 90) (layer B.Fab)
      (effects (font (size 0.4 0.4) (thickness 0.06)) (justify mirror))
    )
    (fp_line (start -0.8 -0.4) (end -0.8 0.4) (layer B.Fab) (width 0.1))
    (fp_line (start -0.8 0.4) (end 0.8 0.4) (layer B.Fab) (width 0.1))
    (fp_line (start 0.8 0.4) (end 0.8 -0.4) (layer B.Fab) (width 0.1))
    (fp_line (start 0.8 -0.4) (end -0.8 -0.4) (layer B.Fab) (width 0.1))
    (fp_line (start -0.146267 0.51) (end 0.146267 0.51) (layer B.SilkS) (width 0.12))
    (fp_line (start -0.146267 -0.51) (end 0.146267 -0.51) (layer B.SilkS) (width 0.12))
    (fp_line (start -1.65 -0.73) (end -1.65 0.73) (layer B.CrtYd) (width 0.05))
    (fp_line (start -1.65 0.73) (end 1.65 0.73) (layer B.CrtYd) (width 0.05))
    (fp_line (start 1.65 0.73) (end 1.65 -0.73) (layer B.CrtYd) (width 0.05))
    (fp_line (start 1.65 -0.73) (end -1.65 -0.73) (layer B.CrtYd) (width 0.05))
    (pad 2 smd roundrect (at 0.8625 0 270) (size 1.075 0.95) (layers B.Cu B.Paste B.Mask) (roundrect_rratio 0.25)
      (net 199 GNDA))
    (pad 1 smd roundrect (at -0.8625 0 270) (size 1.075 0.95) (layers B.Cu B.Paste B.Mask) (roundrect_rratio 0.25)
      (net 200 VDD))
    (model ${KISYS3DMOD}/Capacitor_SMD.3dshapes/C_0603_1608Metric.wrl
      (at (xyz 0 0 0))
      (scale (xyz 1 1 1))
      (rotate (xyz 0 0 0))
    )
  )

  (module Capacitor_SMD:C_0603_1608Metric_Pad1.08x0.95mm_HandSolder (layer B.Cu) (tedit 5F68FEEF) (tstamp 601935E1)
    (at 194.056 164.338 270)
    (descr "Capacitor SMD 0603 (1608 Metric), square (rectangular) end terminal, IPC_7351 nominal with elongated pad for handsoldering. (Body size source: IPC-SM-782 page 76, https://www.pcb-3d.com/wordpress/wp-content/uploads/ipc-sm-782a_amendment_1_and_2.pdf), generated with kicad-footprint-generator")
    (tags "capacitor handsolder")
    (path /650625DB)
    (attr smd)
    (fp_text reference C85 (at 0 1.43 90) (layer B.SilkS)
      (effects (font (size 1 1) (thickness 0.15)) (justify mirror))
    )
    (fp_text value 0.1uF (at 0 -1.43 90) (layer B.Fab)
      (effects (font (size 1 1) (thickness 0.15)) (justify mirror))
    )
    (fp_line (start 1.65 -0.73) (end -1.65 -0.73) (layer B.CrtYd) (width 0.05))
    (fp_line (start 1.65 0.73) (end 1.65 -0.73) (layer B.CrtYd) (width 0.05))
    (fp_line (start -1.65 0.73) (end 1.65 0.73) (layer B.CrtYd) (width 0.05))
    (fp_line (start -1.65 -0.73) (end -1.65 0.73) (layer B.CrtYd) (width 0.05))
    (fp_line (start -0.146267 -0.51) (end 0.146267 -0.51) (layer B.SilkS) (width 0.12))
    (fp_line (start -0.146267 0.51) (end 0.146267 0.51) (layer B.SilkS) (width 0.12))
    (fp_line (start 0.8 -0.4) (end -0.8 -0.4) (layer B.Fab) (width 0.1))
    (fp_line (start 0.8 0.4) (end 0.8 -0.4) (layer B.Fab) (width 0.1))
    (fp_line (start -0.8 0.4) (end 0.8 0.4) (layer B.Fab) (width 0.1))
    (fp_line (start -0.8 -0.4) (end -0.8 0.4) (layer B.Fab) (width 0.1))
    (fp_text user %R (at 0 0 90) (layer B.Fab)
      (effects (font (size 0.4 0.4) (thickness 0.06)) (justify mirror))
    )
    (pad 2 smd roundrect (at 0.8625 0 270) (size 1.075 0.95) (layers B.Cu B.Paste B.Mask) (roundrect_rratio 0.25)
      (net 201 VCC))
    (pad 1 smd roundrect (at -0.8625 0 270) (size 1.075 0.95) (layers B.Cu B.Paste B.Mask) (roundrect_rratio 0.25)
      (net 1 GND))
    (model ${KISYS3DMOD}/Capacitor_SMD.3dshapes/C_0603_1608Metric.wrl
      (at (xyz 0 0 0))
      (scale (xyz 1 1 1))
      (rotate (xyz 0 0 0))
    )
  )

  (module Capacitor_SMD:C_0603_1608Metric_Pad1.08x0.95mm_HandSolder (layer B.Cu) (tedit 5F68FEEF) (tstamp 601935D0)
    (at 184.658 145.288 270)
    (descr "Capacitor SMD 0603 (1608 Metric), square (rectangular) end terminal, IPC_7351 nominal with elongated pad for handsoldering. (Body size source: IPC-SM-782 page 76, https://www.pcb-3d.com/wordpress/wp-content/uploads/ipc-sm-782a_amendment_1_and_2.pdf), generated with kicad-footprint-generator")
    (tags "capacitor handsolder")
    (path /64F9AA75)
    (attr smd)
    (fp_text reference C84 (at 0 1.43 90) (layer B.SilkS)
      (effects (font (size 1 1) (thickness 0.15)) (justify mirror))
    )
    (fp_text value 0.1uF (at 0 -1.43 90) (layer B.Fab)
      (effects (font (size 1 1) (thickness 0.15)) (justify mirror))
    )
    (fp_line (start 1.65 -0.73) (end -1.65 -0.73) (layer B.CrtYd) (width 0.05))
    (fp_line (start 1.65 0.73) (end 1.65 -0.73) (layer B.CrtYd) (width 0.05))
    (fp_line (start -1.65 0.73) (end 1.65 0.73) (layer B.CrtYd) (width 0.05))
    (fp_line (start -1.65 -0.73) (end -1.65 0.73) (layer B.CrtYd) (width 0.05))
    (fp_line (start -0.146267 -0.51) (end 0.146267 -0.51) (layer B.SilkS) (width 0.12))
    (fp_line (start -0.146267 0.51) (end 0.146267 0.51) (layer B.SilkS) (width 0.12))
    (fp_line (start 0.8 -0.4) (end -0.8 -0.4) (layer B.Fab) (width 0.1))
    (fp_line (start 0.8 0.4) (end 0.8 -0.4) (layer B.Fab) (width 0.1))
    (fp_line (start -0.8 0.4) (end 0.8 0.4) (layer B.Fab) (width 0.1))
    (fp_line (start -0.8 -0.4) (end -0.8 0.4) (layer B.Fab) (width 0.1))
    (fp_text user %R (at 0 0 90) (layer B.Fab)
      (effects (font (size 0.4 0.4) (thickness 0.06)) (justify mirror))
    )
    (pad 2 smd roundrect (at 0.8625 0 270) (size 1.075 0.95) (layers B.Cu B.Paste B.Mask) (roundrect_rratio 0.25)
      (net 201 VCC))
    (pad 1 smd roundrect (at -0.8625 0 270) (size 1.075 0.95) (layers B.Cu B.Paste B.Mask) (roundrect_rratio 0.25)
      (net 1 GND))
    (model ${KISYS3DMOD}/Capacitor_SMD.3dshapes/C_0603_1608Metric.wrl
      (at (xyz 0 0 0))
      (scale (xyz 1 1 1))
      (rotate (xyz 0 0 0))
    )
  )

  (module Capacitor_SMD:C_0603_1608Metric_Pad1.08x0.95mm_HandSolder (layer B.Cu) (tedit 5F68FEEF) (tstamp 601935BF)
    (at 179.959 126.238 270)
    (descr "Capacitor SMD 0603 (1608 Metric), square (rectangular) end terminal, IPC_7351 nominal with elongated pad for handsoldering. (Body size source: IPC-SM-782 page 76, https://www.pcb-3d.com/wordpress/wp-content/uploads/ipc-sm-782a_amendment_1_and_2.pdf), generated with kicad-footprint-generator")
    (tags "capacitor handsolder")
    (path /64ED24E9)
    (attr smd)
    (fp_text reference C83 (at 0 1.43 90) (layer B.SilkS)
      (effects (font (size 1 1) (thickness 0.15)) (justify mirror))
    )
    (fp_text value 0.1uF (at 0 -1.43 90) (layer B.Fab)
      (effects (font (size 1 1) (thickness 0.15)) (justify mirror))
    )
    (fp_line (start 1.65 -0.73) (end -1.65 -0.73) (layer B.CrtYd) (width 0.05))
    (fp_line (start 1.65 0.73) (end 1.65 -0.73) (layer B.CrtYd) (width 0.05))
    (fp_line (start -1.65 0.73) (end 1.65 0.73) (layer B.CrtYd) (width 0.05))
    (fp_line (start -1.65 -0.73) (end -1.65 0.73) (layer B.CrtYd) (width 0.05))
    (fp_line (start -0.146267 -0.51) (end 0.146267 -0.51) (layer B.SilkS) (width 0.12))
    (fp_line (start -0.146267 0.51) (end 0.146267 0.51) (layer B.SilkS) (width 0.12))
    (fp_line (start 0.8 -0.4) (end -0.8 -0.4) (layer B.Fab) (width 0.1))
    (fp_line (start 0.8 0.4) (end 0.8 -0.4) (layer B.Fab) (width 0.1))
    (fp_line (start -0.8 0.4) (end 0.8 0.4) (layer B.Fab) (width 0.1))
    (fp_line (start -0.8 -0.4) (end -0.8 0.4) (layer B.Fab) (width 0.1))
    (fp_text user %R (at 0 0 90) (layer B.Fab)
      (effects (font (size 0.4 0.4) (thickness 0.06)) (justify mirror))
    )
    (pad 2 smd roundrect (at 0.8625 0 270) (size 1.075 0.95) (layers B.Cu B.Paste B.Mask) (roundrect_rratio 0.25)
      (net 201 VCC))
    (pad 1 smd roundrect (at -0.8625 0 270) (size 1.075 0.95) (layers B.Cu B.Paste B.Mask) (roundrect_rratio 0.25)
      (net 1 GND))
    (model ${KISYS3DMOD}/Capacitor_SMD.3dshapes/C_0603_1608Metric.wrl
      (at (xyz 0 0 0))
      (scale (xyz 1 1 1))
      (rotate (xyz 0 0 0))
    )
  )

  (module Capacitor_SMD:C_0603_1608Metric_Pad1.08x0.95mm_HandSolder (layer B.Cu) (tedit 5F68FEEF) (tstamp 60113C28)
    (at 113.411 107.2145 90)
    (descr "Capacitor SMD 0603 (1608 Metric), square (rectangular) end terminal, IPC_7351 nominal with elongated pad for handsoldering. (Body size source: IPC-SM-782 page 76, https://www.pcb-3d.com/wordpress/wp-content/uploads/ipc-sm-782a_amendment_1_and_2.pdf), generated with kicad-footprint-generator")
    (tags "capacitor handsolder")
    (path /6028C243)
    (attr smd)
    (fp_text reference C36 (at 0 1.43 270) (layer B.SilkS)
      (effects (font (size 1 1) (thickness 0.15)) (justify mirror))
    )
    (fp_text value 0.1uF (at 0 -1.43 270) (layer B.Fab)
      (effects (font (size 1 1) (thickness 0.15)) (justify mirror))
    )
    (fp_line (start -0.8 -0.4) (end -0.8 0.4) (layer B.Fab) (width 0.1))
    (fp_line (start -0.8 0.4) (end 0.8 0.4) (layer B.Fab) (width 0.1))
    (fp_line (start 0.8 0.4) (end 0.8 -0.4) (layer B.Fab) (width 0.1))
    (fp_line (start 0.8 -0.4) (end -0.8 -0.4) (layer B.Fab) (width 0.1))
    (fp_line (start -0.146267 0.51) (end 0.146267 0.51) (layer B.SilkS) (width 0.12))
    (fp_line (start -0.146267 -0.51) (end 0.146267 -0.51) (layer B.SilkS) (width 0.12))
    (fp_line (start -1.65 -0.73) (end -1.65 0.73) (layer B.CrtYd) (width 0.05))
    (fp_line (start -1.65 0.73) (end 1.65 0.73) (layer B.CrtYd) (width 0.05))
    (fp_line (start 1.65 0.73) (end 1.65 -0.73) (layer B.CrtYd) (width 0.05))
    (fp_line (start 1.65 -0.73) (end -1.65 -0.73) (layer B.CrtYd) (width 0.05))
    (fp_text user %R (at 0 0 270) (layer B.Fab)
      (effects (font (size 0.4 0.4) (thickness 0.06)) (justify mirror))
    )
    (pad 2 smd roundrect (at 0.8625 0 90) (size 1.075 0.95) (layers B.Cu B.Paste B.Mask) (roundrect_rratio 0.25)
      (net 1 GND))
    (pad 1 smd roundrect (at -0.8625 0 90) (size 1.075 0.95) (layers B.Cu B.Paste B.Mask) (roundrect_rratio 0.25)
      (net 201 VCC))
    (model ${KISYS3DMOD}/Capacitor_SMD.3dshapes/C_0603_1608Metric.wrl
      (at (xyz 0 0 0))
      (scale (xyz 1 1 1))
      (rotate (xyz 0 0 0))
    )
  )

  (module Capacitor_SMD:C_0603_1608Metric_Pad1.08x0.95mm_HandSolder (layer B.Cu) (tedit 5F68FEEF) (tstamp 60165292)
    (at 398.145 107.1615 270)
    (descr "Capacitor SMD 0603 (1608 Metric), square (rectangular) end terminal, IPC_7351 nominal with elongated pad for handsoldering. (Body size source: IPC-SM-782 page 76, https://www.pcb-3d.com/wordpress/wp-content/uploads/ipc-sm-782a_amendment_1_and_2.pdf), generated with kicad-footprint-generator")
    (tags "capacitor handsolder")
    (path /6C094AE4)
    (attr smd)
    (fp_text reference C29 (at 0 1.43 90) (layer B.SilkS)
      (effects (font (size 1 1) (thickness 0.15)) (justify mirror))
    )
    (fp_text value 0.1uF (at 0 -1.43 90) (layer B.Fab)
      (effects (font (size 1 1) (thickness 0.15)) (justify mirror))
    )
    (fp_line (start 1.65 -0.73) (end -1.65 -0.73) (layer B.CrtYd) (width 0.05))
    (fp_line (start 1.65 0.73) (end 1.65 -0.73) (layer B.CrtYd) (width 0.05))
    (fp_line (start -1.65 0.73) (end 1.65 0.73) (layer B.CrtYd) (width 0.05))
    (fp_line (start -1.65 -0.73) (end -1.65 0.73) (layer B.CrtYd) (width 0.05))
    (fp_line (start -0.146267 -0.51) (end 0.146267 -0.51) (layer B.SilkS) (width 0.12))
    (fp_line (start -0.146267 0.51) (end 0.146267 0.51) (layer B.SilkS) (width 0.12))
    (fp_line (start 0.8 -0.4) (end -0.8 -0.4) (layer B.Fab) (width 0.1))
    (fp_line (start 0.8 0.4) (end 0.8 -0.4) (layer B.Fab) (width 0.1))
    (fp_line (start -0.8 0.4) (end 0.8 0.4) (layer B.Fab) (width 0.1))
    (fp_line (start -0.8 -0.4) (end -0.8 0.4) (layer B.Fab) (width 0.1))
    (fp_text user %R (at 0 0 90) (layer B.Fab)
      (effects (font (size 0.4 0.4) (thickness 0.06)) (justify mirror))
    )
    (pad 2 smd roundrect (at 0.8625 0 270) (size 1.075 0.95) (layers B.Cu B.Paste B.Mask) (roundrect_rratio 0.25)
      (net 200 VDD))
    (pad 1 smd roundrect (at -0.8625 0 270) (size 1.075 0.95) (layers B.Cu B.Paste B.Mask) (roundrect_rratio 0.25)
      (net 199 GNDA))
    (model ${KISYS3DMOD}/Capacitor_SMD.3dshapes/C_0603_1608Metric.wrl
      (at (xyz 0 0 0))
      (scale (xyz 1 1 1))
      (rotate (xyz 0 0 0))
    )
  )

  (module Capacitor_SMD:C_0603_1608Metric_Pad1.08x0.95mm_HandSolder (layer B.Cu) (tedit 5F68FEEF) (tstamp 60165261)
    (at 312.42 107.188 270)
    (descr "Capacitor SMD 0603 (1608 Metric), square (rectangular) end terminal, IPC_7351 nominal with elongated pad for handsoldering. (Body size source: IPC-SM-782 page 76, https://www.pcb-3d.com/wordpress/wp-content/uploads/ipc-sm-782a_amendment_1_and_2.pdf), generated with kicad-footprint-generator")
    (tags "capacitor handsolder")
    (path /6C74E805)
    (attr smd)
    (fp_text reference C26 (at 0 1.43 90) (layer B.SilkS)
      (effects (font (size 1 1) (thickness 0.15)) (justify mirror))
    )
    (fp_text value 0.1uF (at 0 -1.43 90) (layer B.Fab)
      (effects (font (size 1 1) (thickness 0.15)) (justify mirror))
    )
    (fp_line (start 1.65 -0.73) (end -1.65 -0.73) (layer B.CrtYd) (width 0.05))
    (fp_line (start 1.65 0.73) (end 1.65 -0.73) (layer B.CrtYd) (width 0.05))
    (fp_line (start -1.65 0.73) (end 1.65 0.73) (layer B.CrtYd) (width 0.05))
    (fp_line (start -1.65 -0.73) (end -1.65 0.73) (layer B.CrtYd) (width 0.05))
    (fp_line (start -0.146267 -0.51) (end 0.146267 -0.51) (layer B.SilkS) (width 0.12))
    (fp_line (start -0.146267 0.51) (end 0.146267 0.51) (layer B.SilkS) (width 0.12))
    (fp_line (start 0.8 -0.4) (end -0.8 -0.4) (layer B.Fab) (width 0.1))
    (fp_line (start 0.8 0.4) (end 0.8 -0.4) (layer B.Fab) (width 0.1))
    (fp_line (start -0.8 0.4) (end 0.8 0.4) (layer B.Fab) (width 0.1))
    (fp_line (start -0.8 -0.4) (end -0.8 0.4) (layer B.Fab) (width 0.1))
    (fp_text user %R (at 0 0 90) (layer B.Fab)
      (effects (font (size 0.4 0.4) (thickness 0.06)) (justify mirror))
    )
    (pad 2 smd roundrect (at 0.8625 0 270) (size 1.075 0.95) (layers B.Cu B.Paste B.Mask) (roundrect_rratio 0.25)
      (net 200 VDD))
    (pad 1 smd roundrect (at -0.8625 0 270) (size 1.075 0.95) (layers B.Cu B.Paste B.Mask) (roundrect_rratio 0.25)
      (net 199 GNDA))
    (model ${KISYS3DMOD}/Capacitor_SMD.3dshapes/C_0603_1608Metric.wrl
      (at (xyz 0 0 0))
      (scale (xyz 1 1 1))
      (rotate (xyz 0 0 0))
    )
  )

